"activity","subjectid","avgmean","avgstdeviation"
"LAYING",1,-0.287128222590253,-0.896699261804485
"LAYING",2,-0.282254316938563,-0.980492348554293
"LAYING",3,-0.294137376413721,-0.973555798352884
"LAYING",4,-0.304294812167448,-0.960841350255892
"LAYING",5,-0.289490298570577,-0.97277492210373
"LAYING",6,-0.289304410637627,-0.938894773891707
"LAYING",7,-0.332489862160372,-0.951894384892075
"LAYING",8,-0.302950148274794,-0.953251137141975
"LAYING",9,-0.346945267721078,-0.944242142015576
"LAYING",10,-0.285552962453091,-0.961084978136364
"LAYING",11,-0.28796077073335,-0.977547759728868
"LAYING",12,-0.305549190596089,-0.957088102540404
"LAYING",13,-0.305846228040788,-0.967352157609971
"LAYING",14,-0.337218894717299,-0.934842463238265
"LAYING",15,-0.314495357131774,-0.962181718324916
"LAYING",16,-0.327405718173379,-0.974313487683983
"LAYING",17,-0.300568591063116,-0.969502280717029
"LAYING",18,-0.280408749544581,-0.987915725314685
"LAYING",19,-0.296835040003293,-0.975283077013509
"LAYING",20,-0.301082021782402,-0.971673243807487
"LAYING",21,-0.323245765196873,-0.966463192717172
"LAYING",22,-0.305893248038878,-0.949517000464268
"LAYING",23,-0.292127106710452,-0.974838249659091
"LAYING",24,-0.290980930198354,-0.977079799002525
"LAYING",25,-0.316437719690155,-0.859226441427107
"LAYING",26,-0.282037482775738,-0.980657343927432
"LAYING",27,-0.279938500544286,-0.985017043521703
"LAYING",28,-0.327137460508292,-0.964252162746212
"LAYING",29,-0.266556982654867,-0.988594156319719
"LAYING",30,-0.313438912868491,-0.97131121374026
"SITTING",1,-0.287539021467816,-0.962531684925854
"SITTING",2,-0.302664075450149,-0.974113940790514
"SITTING",3,-0.30738160861938,-0.936746787346154
"SITTING",4,-0.319602353308119,-0.951483705307273
"SITTING",5,-0.311985685581997,-0.952403047947934
"SITTING",6,-0.304905455445057,-0.949510577900826
"SITTING",7,-0.328113931936301,-0.939410998802399
"SITTING",8,-0.31127107889714,-0.965444231379447
"SITTING",9,-0.34673174503357,-0.928220936999515
"SITTING",10,-0.294187245768303,-0.971721957250842
"SITTING",11,-0.305041999500217,-0.969903732115495
"SITTING",12,-0.322287712507181,-0.963695997290553
"SITTING",13,-0.30243129475152,-0.971614675209029
"SITTING",14,-0.343404861607435,-0.960128611305275
"SITTING",15,-0.304518162618123,-0.97025459222907
"SITTING",16,-0.297977954527728,-0.968810838932806
"SITTING",17,-0.297753102833367,-0.982201351581439
"SITTING",18,-0.293307714779857,-0.98682249891547
"SITTING",19,-0.330971448456987,-0.9708062616978
"SITTING",20,-0.327693860296418,-0.962054556825528
"SITTING",21,-0.298322678776433,-0.980383901240642
"SITTING",22,-0.326362703814455,-0.957196402985694
"SITTING",23,-0.299164699239621,-0.960073119210339
"SITTING",24,-0.317392229180781,-0.977869422566845
"SITTING",25,-0.308060722954372,-0.978816477948252
"SITTING",26,-0.311522995860041,-0.971816617586636
"SITTING",27,-0.304642719284453,-0.981737422142857
"SITTING",28,-0.329037165045608,-0.964937670239899
"SITTING",29,-0.299171426487223,-0.982026481712121
"SITTING",30,-0.321242910683128,-0.971669425166178
"STANDING",1,-0.295699915757656,-0.986798479817038
"STANDING",2,-0.305931529269707,-0.970481596212121
"STANDING",3,-0.342032250160264,-0.934573756328862
"STANDING",4,-0.325567141250917,-0.931971966691558
"STANDING",5,-0.32170229627683,-0.923529957596862
"STANDING",6,-0.322001690978378,-0.950810498112706
"STANDING",7,-0.340659801090804,-0.954527409782733
"STANDING",8,-0.312779070083798,-0.966665007124242
"STANDING",9,-0.335581890034973,-0.950814844363636
"STANDING",10,-0.318330528602684,-0.953572276081267
"STANDING",11,-0.300216402457555,-0.985657370773694
"STANDING",12,-0.323703078090659,-0.944561812874814
"STANDING",13,-0.319936812603356,-0.973488324742158
"STANDING",14,-0.349092252744824,-0.955643634646465
"STANDING",15,-0.319142254145409,-0.966132857181246
"STANDING",16,-0.315326661120857,-0.977221575462315
"STANDING",17,-0.308331456896178,-0.98342571462704
"STANDING",18,-0.334513978919391,-0.977252557799917
"STANDING",19,-0.330852845573908,-0.968736065118306
"STANDING",20,-0.346572615046957,-0.924119798111249
"STANDING",21,-0.326380030931793,-0.965203536826694
"STANDING",22,-0.352121156071411,-0.955314916002886
"STANDING",23,-0.330104984324521,-0.962661937054367
"STANDING",24,-0.327753964161722,-0.965586593825209
"STANDING",25,-0.31939918110163,-0.97601896464783
"STANDING",26,-0.31875537880666,-0.975943695888616
"STANDING",27,-0.312499550682476,-0.977877930784091
"STANDING",28,-0.348169870986449,-0.935392243072497
"STANDING",29,-0.308961911716177,-0.985727862638695
"STANDING",30,-0.353447510379353,-0.941460565007704
"WALKING",1,-0.0610545037484828,-0.302551798992919
"WALKING",2,-0.106991963305456,-0.471518668508629
"WALKING",3,-0.133124635168182,-0.450988754712889
"WALKING",4,-0.164321022531525,-0.556813870101975
"WALKING",5,-0.130303562149479,-0.426550893998593
"WALKING",6,-0.0733498895257342,-0.359321371006842
"WALKING",7,-0.0598637512439705,-0.286082417455657
"WALKING",8,-0.0657562106599399,-0.258282654667929
"WALKING",9,-0.124762728352779,-0.420159775816509
"WALKING",10,-0.0721182787921082,-0.330444040259886
"WALKING",11,-0.180365721048437,-0.535503995110734
"WALKING",12,-0.0887229016619283,-0.389277124734909
"WALKING",13,-0.0624214660884836,-0.322358364868426
"WALKING",14,-0.150428172513315,-0.39895837100264
"WALKING",15,-0.148241407683587,-0.446391143626077
"WALKING",16,-0.177969250211424,-0.539749355518122
"WALKING",17,-0.143698874135821,-0.437683311620571
"WALKING",18,-0.173110875517139,-0.553086396517316
"WALKING",19,0.00759653509349838,-0.166549887439714
"WALKING",20,-0.0193438404935523,-0.183373669065847
"WALKING",21,-0.0836538075020911,-0.349500177592578
"WALKING",22,-0.0232913075313384,-0.26807311689122
"WALKING",23,-0.01656947121496,-0.178675924182244
"WALKING",24,-0.159926377151083,-0.505709536494514
"WALKING",25,-0.225242263606798,-0.578702555047461
"WALKING",26,-0.127983942650038,-0.466805034954854
"WALKING",27,-0.12202701716967,-0.454950979293647
"WALKING",28,-0.148603405014071,-0.453530772337374
"WALKING",29,-0.0925697989471851,-0.394165626288159
"WALKING",30,-0.137309725699829,-0.388133759487506
"WALKING_DOWNSTAIRS",1,-0.0253969508674971,-0.263719603503896
"WALKING_DOWNSTAIRS",2,-0.018623363058888,-0.199973200120761
"WALKING_DOWNSTAIRS",3,-0.0947995390492333,-0.35927889525865
"WALKING_DOWNSTAIRS",4,-0.0965727390947052,-0.430345489469064
"WALKING_DOWNSTAIRS",5,-0.0598698980984998,-0.256359233626873
"WALKING_DOWNSTAIRS",6,0.0345701745043553,-0.0757123543931742
"WALKING_DOWNSTAIRS",7,-0.0681061884515335,-0.267075771251554
"WALKING_DOWNSTAIRS",8,0.0491235899811817,-0.088038872473445
"WALKING_DOWNSTAIRS",9,-0.082623032118341,-0.264963539122641
"WALKING_DOWNSTAIRS",10,-0.0154961278651887,-0.217214895073397
"WALKING_DOWNSTAIRS",11,-0.114490723419057,-0.343943666544796
"WALKING_DOWNSTAIRS",12,-0.0529474722186634,-0.295167216690606
"WALKING_DOWNSTAIRS",13,-0.0607416382550803,-0.283386205699099
"WALKING_DOWNSTAIRS",14,0.00315871583475891,-0.0451783638523098
"WALKING_DOWNSTAIRS",15,-0.052899541456469,-0.209767527583023
"WALKING_DOWNSTAIRS",16,-0.104512936527768,-0.333898926802489
"WALKING_DOWNSTAIRS",17,-0.138191722564204,-0.349846604199914
"WALKING_DOWNSTAIRS",18,-0.20331058879896,-0.52241384561708
"WALKING_DOWNSTAIRS",19,0.132480514127335,0.102040595148446
"WALKING_DOWNSTAIRS",20,-0.041461327709291,-0.112178541969717
"WALKING_DOWNSTAIRS",21,-0.0499561794485157,-0.235810184772458
"WALKING_DOWNSTAIRS",22,-0.0398406775800267,-0.262597418835227
"WALKING_DOWNSTAIRS",23,0.0498731754314256,-0.096587253434725
"WALKING_DOWNSTAIRS",24,-0.108130676794779,-0.361825458960094
"WALKING_DOWNSTAIRS",25,-0.211093285140342,-0.489388597208359
"WALKING_DOWNSTAIRS",26,-0.0929632960919015,-0.284848807776182
"WALKING_DOWNSTAIRS",27,-0.0581690777969147,-0.297589565580647
"WALKING_DOWNSTAIRS",28,-0.0392080071835558,-0.251741788748867
"WALKING_DOWNSTAIRS",29,-0.0784919820418101,-0.295372120789495
"WALKING_DOWNSTAIRS",30,-0.129158161813259,-0.332598011603382
"WALKING_UPSTAIRS",1,-0.197266054897095,-0.428436196561521
"WALKING_UPSTAIRS",2,-0.123712659748999,-0.385997363253851
"WALKING_UPSTAIRS",3,-0.192165626103809,-0.494763604117052
"WALKING_UPSTAIRS",4,-0.190085295695473,-0.481670281281346
"WALKING_UPSTAIRS",5,-0.133036202494275,-0.359295474612702
"WALKING_UPSTAIRS",6,-0.101560548503618,-0.290928021342602
"WALKING_UPSTAIRS",7,-0.203121781490748,-0.493867277426738
"WALKING_UPSTAIRS",8,-0.0695132232752692,-0.243298670404065
"WALKING_UPSTAIRS",9,-0.204430190633732,-0.490629371223921
"WALKING_UPSTAIRS",10,-0.113004572018576,-0.33138123899396
"WALKING_UPSTAIRS",11,-0.238174571892952,-0.50198701766128
"WALKING_UPSTAIRS",12,-0.185121215121567,-0.494017099181002
"WALKING_UPSTAIRS",13,-0.189654352805925,-0.454771797975796
"WALKING_UPSTAIRS",14,-0.114809620932942,-0.154654281147419
"WALKING_UPSTAIRS",15,-0.17567587599559,-0.421318509545474
"WALKING_UPSTAIRS",16,-0.224509851349952,-0.518665903063102
"WALKING_UPSTAIRS",17,-0.178328074595542,-0.424126942064918
"WALKING_UPSTAIRS",18,-0.259929448762934,-0.570427044938871
"WALKING_UPSTAIRS",19,-0.0688297009122358,-0.309249674295568
"WALKING_UPSTAIRS",20,-0.124585934509862,-0.300987852818651
"WALKING_UPSTAIRS",21,-0.145080104313468,-0.419599595109684
"WALKING_UPSTAIRS",22,-0.0742071204737601,-0.29935642051746
"WALKING_UPSTAIRS",23,-0.13055607545879,-0.380009725559834
"WALKING_UPSTAIRS",24,-0.2009817402348,-0.501053199934977
"WALKING_UPSTAIRS",25,-0.282196294853135,-0.588295610674266
"WALKING_UPSTAIRS",26,-0.174707342786631,-0.467172712379008
"WALKING_UPSTAIRS",27,-0.200074570277026,-0.500441710464349
"WALKING_UPSTAIRS",28,-0.1571971172401,-0.451136779495425
"WALKING_UPSTAIRS",29,-0.175417431902487,-0.32789664862457
"WALKING_UPSTAIRS",30,-0.247940583015394,-0.45655535663849
